69999999999999999999999999999999999999999999999999999999
69999999999999999999999999999999999999999999999999999999
69999999999999999999999999999999999999999999999999999999
69999999999999999999999999999999999999999999999999999999
69999999999999999999999999999999999999999999999999999999
69999999999999999999999999999999999999999999999999999999
69999999999999999999999999999999999999999999999999999999
69999999999999999999999999999999999999999999999999999999
69999999999999999999999999999999999999999999999999999999
69999999999999999999999999999999999999999999999999999999
69999999999999999999999999999999999999999999999999999999
v69999999999999999999999999999999999999999999999999999999
69999999999999999999999999999999999999999999999999999999
v
69999999999999999999999999999999999999999999999999999999
69999999999999999999999999999999999999999999999999999999
v
69999999999999999999999999999999999999999999999999999999
v
v

